5 61 61 
1 0 1 
1 0 2 
1 2 6 
1 2 43 
1 2 50 
1 2 20 
1 2 56 
1 3 5 
1 3 9 
1 3 10 
1 3 13 
1 3 14 
1 3 15 
1 3 17 
1 4 11 
1 4 19 
1 4 12 
1 5 9 
1 5 10 
1 5 13 
1 5 14 
1 5 15 
1 6 33 
1 6 43 
1 6 50 
1 6 20 
1 6 56 
1 7 36 
1 7 39 
1 7 40 
1 7 41 
1 7 11 
1 7 12 
1 7 44 
1 8 42 
1 8 17 
1 8 50 
1 8 55 
1 8 24 
1 8 57 
1 9 10 
1 9 13 
1 9 14 
1 9 15 
1 10 13 
1 10 14 
1 10 15 
1 11 39 
1 11 12 
1 11 19 
1 12 39 
1 12 44 
1 12 19 
1 12 25 
1 13 14 
1 14 15 
1 14 29 
1 16 45 
1 16 48 
1 16 49 
1 16 50 
1 16 51 
1 16 22 
1 16 24 
1 17 42 
1 17 43 
1 17 20 
1 17 55 
1 17 24 
1 17 57 
1 18 24 
1 18 35 
1 18 29 
1 18 23 
1 19 39 
1 19 41 
1 19 44 
1 20 43 
1 20 50 
1 20 56 
1 21 25 
1 22 45 
1 22 48 
1 22 49 
1 22 50 
1 22 51 
1 22 24 
1 23 32 
1 23 33 
1 23 34 
1 23 35 
1 23 24 
1 23 26 
1 23 27 
1 23 28 
1 23 29 
1 23 30 
1 23 31 
1 24 34 
1 24 42 
1 24 45 
1 24 46 
1 24 47 
1 24 51 
1 24 55 
1 24 57 
1 24 30 
1 25 33 
1 25 43 
1 25 45 
1 25 26 
1 26 32 
1 26 33 
1 26 34 
1 26 35 
1 26 37 
1 26 43 
1 26 53 
1 26 58 
1 26 30 
1 26 31 
1 27 32 
1 27 33 
1 27 34 
1 27 35 
1 27 28 
1 27 30 
1 27 31 
1 28 32 
1 28 33 
1 28 34 
1 28 30 
1 28 31 
1 29 33 
1 29 35 
1 30 32 
1 30 33 
1 30 34 
1 30 31 
1 31 32 
1 31 33 
1 31 34 
1 32 33 
1 32 34 
1 32 35 
1 33 34 
1 33 35 
1 33 56 
1 34 57 
1 36 40 
1 36 39 
1 37 43 
1 37 38 
1 38 43 
1 39 40 
1 39 41 
1 39 44 
1 40 41 
1 40 44 
1 41 44 
1 42 50 
1 42 55 
1 42 57 
1 43 58 
1 43 50 
1 43 52 
1 43 53 
1 43 54 
1 43 56 
1 43 60 
1 45 46 
1 45 48 
1 45 51 
1 46 47 
1 46 50 
1 46 51 
1 47 51 
1 48 49 
1 48 51 
1 49 50 
1 49 51 
1 50 51 
1 50 56 
1 51 55 
1 52 53 
1 52 54 
1 53 58 
1 53 54 
1 53 60 
1 54 58 
1 54 60 
1 55 57 
1 58 60 
2 3 4 
2 3 6 
2 3 7 
2 3 8 
2 3 11 
2 3 12 
2 3 16 
2 4 11 
2 4 12 
2 4 18 
2 4 20 
2 6 38 
2 6 43 
2 6 12 
2 6 14 
2 6 15 
2 6 50 
2 6 20 
2 6 22 
2 6 25 
2 6 29 
2 7 33 
2 7 36 
2 7 11 
2 7 12 
2 7 20 
2 8 57 
2 8 50 
2 8 55 
2 11 12 
2 11 22 
2 12 43 
2 12 45 
2 12 50 
2 12 20 
2 12 22 
2 12 25 
2 14 38 
2 14 33 
2 14 15 
2 16 45 
2 16 46 
2 16 50 
2 16 22 
2 18 32 
2 18 33 
2 18 55 
2 18 22 
2 18 23 
2 18 25 
2 18 26 
2 18 27 
2 18 28 
2 18 29 
2 18 30 
2 18 57 
2 20 33 
2 20 43 
2 20 45 
2 20 50 
2 22 33 
2 22 36 
2 22 38 
2 22 45 
2 22 46 
2 22 43 
2 22 49 
2 22 50 
2 22 55 
2 23 32 
2 23 33 
2 23 27 
2 23 29 
2 23 30 
2 25 32 
2 25 33 
2 25 38 
2 25 43 
2 25 50 
2 25 26 
2 25 27 
2 25 28 
2 25 29 
2 27 32 
2 27 33 
2 27 28 
2 27 29 
2 27 30 
2 28 32 
2 28 33 
2 28 29 
2 28 30 
2 29 32 
2 29 33 
2 29 38 
2 29 43 
2 29 30 
2 30 32 
2 30 33 
2 30 36 
2 30 38 
2 30 43 
2 32 33 
2 32 43 
2 32 52 
2 33 38 
2 33 45 
2 33 49 
2 36 38 
2 36 43 
2 38 43 
2 38 45 
2 38 50 
2 43 45 
2 43 50 
2 45 46 
2 45 50 
2 46 49 
2 46 50 
2 46 55 
2 49 52 
2 50 55 
2 50 57 
2 55 57 
3 3 5 
3 5 13 
3 7 36 
3 9 10 
3 11 12 
3 17 45 
3 22 48 
3 22 51 
3 22 45 
3 25 32 
3 25 35 
3 25 26 
3 25 27 
3 25 29 
3 27 32 
3 29 35 
3 37 53 
3 38 54 
3 45 48 
3 45 47 
3 48 51 
4 3 13 
4 3 5 
4 4 19 
4 4 12 
4 4 22 
4 5 13 
4 7 36 
4 7 39 
4 7 41 
4 7 10 
4 7 44 
4 8 24 
4 9 14 
4 11 24 
4 11 12 
4 14 33 
4 14 38 
4 14 15 
4 16 49 
4 16 51 
4 16 45 
4 16 22 
4 18 24 
4 18 35 
4 18 27 
4 18 22 
4 19 39 
4 19 41 
4 19 44 
4 19 22 
4 22 34 
4 22 45 
4 22 46 
4 22 47 
4 22 48 
4 22 49 
4 22 51 
4 22 55 
4 22 24 
4 22 30 
4 23 24 
4 23 32 
4 23 34 
4 23 30 
4 24 34 
4 24 45 
4 24 55 
4 24 30 
4 27 32 
4 27 35 
4 27 31 
4 28 34 
4 28 30 
4 29 32 
4 30 32 
4 30 33 
4 30 34 
4 30 36 
4 31 32 
4 32 33 
4 32 34 
4 33 34 
4 33 35 
4 33 44 
4 33 49 
4 34 57 
4 36 37 
4 36 38 
4 36 42 
4 36 44 
4 38 54 
4 38 42 
4 39 40 
4 39 41 
4 39 44 
4 40 41 
4 40 44 
4 41 44 
4 43 50 
4 45 46 
4 45 47 
4 45 49 
4 45 50 
4 46 49 
4 46 47 
4 47 51 
4 49 51 
4 54 60 
5 1 4 
5 1 36 
5 1 6 
5 1 39 
5 1 40 
5 1 7 
5 1 10 
5 1 11 
5 1 17 
5 1 50 
5 1 20 
5 2 5 
5 2 6 
5 2 8 
5 2 10 
5 2 43 
5 2 45 
5 2 50 
5 2 20 
5 2 56 
5 3 10 
5 3 13 
5 3 5 
5 3 6 
5 4 11 
5 4 12 
5 4 19 
5 4 20 
5 4 21 
5 5 34 
5 5 6 
5 5 10 
5 5 13 
5 5 17 
5 5 50 
5 5 20 
5 6 9 
5 6 10 
5 6 14 
5 6 15 
5 6 17 
5 6 18 
5 6 19 
5 6 20 
5 6 25 
5 6 27 
5 6 28 
5 6 29 
5 6 30 
5 6 31 
5 6 32 
5 6 33 
5 6 34 
5 6 35 
5 6 38 
5 6 43 
5 6 45 
5 6 50 
5 6 56 
5 7 33 
5 7 36 
5 7 39 
5 7 40 
5 7 41 
5 7 10 
5 7 12 
5 7 44 
5 7 18 
5 7 20 
5 7 25 
5 8 50 
5 9 10 
5 9 13 
5 9 14 
5 9 15 
5 10 33 
5 10 12 
5 10 45 
5 10 14 
5 10 15 
5 10 17 
5 10 20 
5 10 25 
5 10 59 
5 11 19 
5 11 12 
5 12 39 
5 12 44 
5 12 45 
5 12 17 
5 12 19 
5 12 21 
5 12 25 
5 14 33 
5 16 50 
5 16 45 
5 16 22 
5 17 43 
5 17 50 
5 17 20 
5 18 25 
5 18 43 
5 19 39 
5 19 41 
5 19 44 
5 20 39 
5 20 40 
5 20 43 
5 20 45 
5 20 50 
5 20 56 
5 20 57 
5 20 59 
5 22 45 
5 22 46 
5 22 47 
5 22 48 
5 22 49 
5 22 50 
5 22 51 
5 23 25 
5 23 30 
5 23 31 
5 24 50 
5 24 45 
5 24 55 
5 25 32 
5 25 33 
5 25 35 
5 25 36 
5 25 43 
5 25 26 
5 25 27 
5 25 29 
5 25 30 
5 25 31 
5 26 43 
5 26 35 
5 27 31 
5 28 34 
5 29 35 
5 29 31 
5 30 33 
5 30 34 
5 30 37 
5 30 40 
5 30 43 
5 31 32 
5 32 43 
5 33 35 
5 33 43 
5 33 45 
5 34 43 
5 35 43 
5 36 40 
5 36 39 
5 36 41 
5 36 44 
5 37 58 
5 37 43 
5 37 53 
5 38 54 
5 38 43 
5 39 40 
5 39 41 
5 39 44 
5 40 41 
5 40 44 
5 41 44 
5 42 50 
5 43 50 
5 43 52 
5 43 53 
5 43 54 
5 43 56 
5 43 58 
5 43 60 
5 45 46 
5 45 47 
5 45 48 
5 45 50 
5 45 51 
5 46 50 
5 46 47 
5 47 50 
5 49 50 
5 49 51 
5 50 51 
5 50 55 
5 50 56 
5 50 57 
5 52 54 
5 53 55 
5 54 60 
