4 60 60
0 0 1
0 0 2
0 0 3
0 0 4
0 0 5
0 0 6
0 0 7
0 0 8
0 0 9
0 0 10
0 0 11
0 0 12
0 0 13
0 0 14
0 0 16
0 0 17
0 0 18
0 0 19
0 0 20
0 0 21
0 0 22
0 0 23
0 0 25
0 0 26
0 0 27
0 0 29
0 0 33
0 0 35
0 0 36
0 0 39
0 0 42
0 0 44
0 0 48
0 0 49
0 0 52
0 0 53
0 0 55
0 0 56
0 0 57
0 0 58
0 0 59
0 1 2
0 1 3
0 1 4
0 1 5
0 1 6
0 1 8
0 1 9
0 1 10
0 1 11
0 1 12
0 1 13
0 1 14
0 1 15
0 1 17
0 1 18
0 1 19
0 1 20
0 1 22
0 1 23
0 1 25
0 1 26
0 1 27
0 1 28
0 1 29
0 1 30
0 1 33
0 1 34
0 1 35
0 1 36
0 1 37
0 1 39
0 1 40
0 1 41
0 1 42
0 1 44
0 1 46
0 1 47
0 1 48
0 1 49
0 1 50
0 1 51
0 1 52
0 1 53
0 1 54
0 1 55
0 1 56
0 1 57
0 1 58
0 1 59
0 2 3
0 2 4
0 2 5
0 2 6
0 2 7
0 2 8
0 2 9
0 2 10
0 2 11
0 2 12
0 2 13
0 2 14
0 2 15
0 2 16
0 2 17
0 2 18
0 2 19
0 2 20
0 2 21
0 2 22
0 2 23
0 2 24
0 2 25
0 2 26
0 2 27
0 2 29
0 2 32
0 2 33
0 2 34
0 2 35
0 2 36
0 2 38
0 2 39
0 2 41
0 2 42
0 2 43
0 2 44
0 2 47
0 2 48
0 2 50
0 2 52
0 2 53
0 2 54
0 2 55
0 2 56
0 2 57
0 2 58
0 2 59
0 3 4
0 3 5
0 3 6
0 3 7
0 3 8
0 3 9
0 3 10
0 3 11
0 3 12
0 3 13
0 3 14
0 3 15
0 3 16
0 3 17
0 3 18
0 3 19
0 3 20
0 3 21
0 3 22
0 3 23
0 3 24
0 3 25
0 3 26
0 3 27
0 3 29
0 3 30
0 3 32
0 3 33
0 3 34
0 3 35
0 3 36
0 3 37
0 3 39
0 3 41
0 3 42
0 3 43
0 3 44
0 3 46
0 3 47
0 3 48
0 3 49
0 3 50
0 3 52
0 3 53
0 3 55
0 3 56
0 3 57
0 3 58
0 3 59
0 4 5
0 4 6
0 4 7
0 4 10
0 4 11
0 4 13
0 4 14
0 4 17
0 4 18
0 4 19
0 4 20
0 4 22
0 4 23
0 4 25
0 4 26
0 4 27
0 4 28
0 4 29
0 4 33
0 4 34
0 4 37
0 4 40
0 4 41
0 4 42
0 4 47
0 4 48
0 4 49
0 4 52
0 4 53
0 4 54
0 4 55
0 4 56
0 4 57
0 4 58
0 4 59
0 5 6
0 5 8
0 5 9
0 5 11
0 5 12
0 5 13
0 5 14
0 5 15
0 5 17
0 5 18
0 5 19
0 5 21
0 5 22
0 5 23
0 5 24
0 5 25
0 5 26
0 5 27
0 5 28
0 5 29
0 5 31
0 5 33
0 5 34
0 5 35
0 5 36
0 5 39
0 5 40
0 5 41
0 5 42
0 5 44
0 5 47
0 5 48
0 5 52
0 5 53
0 5 55
0 5 56
0 5 57
0 5 58
0 5 59
0 6 7
0 6 8
0 6 9
0 6 10
0 6 11
0 6 12
0 6 13
0 6 14
0 6 15
0 6 16
0 6 17
0 6 18
0 6 19
0 6 20
0 6 21
0 6 22
0 6 23
0 6 24
0 6 25
0 6 26
0 6 27
0 6 30
0 6 32
0 6 33
0 6 34
0 6 35
0 6 36
0 6 43
0 6 44
0 6 46
0 6 47
0 6 48
0 6 49
0 6 50
0 6 52
0 6 53
0 6 54
0 6 55
0 6 56
0 6 57
0 6 58
0 6 59
0 7 9
0 7 10
0 7 13
0 7 14
0 7 15
0 7 16
0 7 17
0 7 18
0 7 19
0 7 20
0 7 21
0 7 22
0 7 23
0 7 24
0 7 29
0 7 32
0 7 36
0 7 39
0 7 41
0 7 42
0 7 44
0 7 45
0 7 46
0 7 47
0 7 49
0 7 50
0 7 52
0 7 54
0 7 56
0 8 9
0 8 11
0 8 14
0 8 15
0 8 18
0 8 26
0 8 27
0 8 33
0 8 47
0 8 52
0 8 53
0 8 56
0 9 10
0 9 11
0 9 12
0 9 13
0 9 14
0 9 15
0 9 16
0 9 17
0 9 18
0 9 19
0 9 20
0 9 21
0 9 22
0 9 23
0 9 24
0 9 25
0 9 26
0 9 27
0 9 29
0 9 30
0 9 32
0 9 33
0 9 34
0 9 35
0 9 36
0 9 37
0 9 38
0 9 39
0 9 41
0 9 42
0 9 43
0 9 44
0 9 46
0 9 48
0 9 49
0 9 50
0 9 52
0 9 53
0 9 55
0 9 56
0 9 57
0 9 58
0 9 59
0 10 13
0 10 14
0 10 15
0 10 16
0 10 17
0 10 18
0 10 19
0 10 20
0 10 21
0 10 23
0 10 24
0 10 25
0 10 26
0 10 27
0 10 29
0 10 32
0 10 33
0 10 34
0 10 35
0 10 36
0 10 39
0 10 41
0 10 44
0 10 45
0 10 48
0 10 49
0 10 52
0 10 53
0 10 55
0 10 56
0 10 57
0 10 58
0 11 13
0 11 14
0 11 15
0 11 17
0 11 18
0 11 19
0 11 20
0 11 22
0 11 23
0 11 25
0 11 26
0 11 29
0 11 33
0 11 35
0 11 36
0 11 41
0 11 48
0 11 49
0 11 50
0 11 52
0 11 53
0 11 55
0 11 56
0 11 57
0 11 58
0 11 59
0 12 13
0 12 14
0 12 15
0 12 17
0 12 18
0 12 19
0 12 20
0 12 22
0 12 23
0 12 25
0 12 26
0 12 27
0 12 29
0 12 32
0 12 33
0 12 34
0 12 35
0 12 36
0 12 39
0 12 41
0 12 43
0 12 44
0 12 47
0 12 50
0 12 52
0 12 53
0 12 55
0 12 56
0 12 58
0 12 59
0 13 14
0 13 15
0 13 16
0 13 17
0 13 18
0 13 19
0 13 20
0 13 21
0 13 22
0 13 23
0 13 24
0 13 25
0 13 26
0 13 27
0 13 29
0 13 32
0 13 33
0 13 34
0 13 35
0 13 36
0 13 39
0 13 41
0 13 43
0 13 44
0 13 47
0 13 48
0 13 49
0 13 50
0 13 52
0 13 53
0 13 54
0 13 55
0 13 56
0 13 57
0 13 58
0 13 59
0 14 15
0 14 16
0 14 17
0 14 18
0 14 19
0 14 20
0 14 22
0 14 23
0 14 25
0 14 26
0 14 27
0 14 29
0 14 32
0 14 33
0 14 34
0 14 35
0 14 36
0 14 38
0 14 39
0 14 41
0 14 42
0 14 47
0 14 48
0 14 50
0 14 52
0 14 53
0 14 55
0 14 56
0 14 57
0 14 58
0 14 59
0 15 16
0 15 17
0 15 18
0 15 19
0 15 20
0 15 21
0 15 22
0 15 23
0 15 24
0 15 25
0 15 26
0 15 29
0 15 32
0 15 33
0 15 34
0 15 35
0 15 36
0 15 38
0 15 39
0 15 41
0 15 43
0 15 44
0 15 47
0 15 48
0 15 50
0 15 51
0 15 52
0 15 53
0 15 54
0 15 55
0 15 56
0 15 57
0 15 58
0 15 59
0 16 18
0 16 19
0 16 20
0 16 21
0 16 23
0 16 24
0 16 26
0 16 29
0 16 32
0 16 33
0 16 34
0 16 35
0 16 36
0 16 38
0 16 41
0 16 43
0 16 45
0 16 49
0 16 50
0 16 52
0 16 54
0 16 55
0 16 56
0 16 57
0 16 59
0 17 18
0 17 19
0 17 20
0 17 21
0 17 22
0 17 23
0 17 24
0 17 25
0 17 26
0 17 27
0 17 29
0 17 32
0 17 33
0 17 34
0 17 35
0 17 36
0 17 37
0 17 39
0 17 41
0 17 44
0 17 47
0 17 48
0 17 50
0 17 52
0 17 53
0 17 55
0 17 56
0 17 57
0 17 58
0 17 59
0 18 19
0 18 20
0 18 21
0 18 22
0 18 23
0 18 25
0 18 26
0 18 27
0 18 29
0 18 30
0 18 32
0 18 33
0 18 34
0 18 35
0 18 36
0 18 39
0 18 41
0 18 42
0 18 43
0 18 44
0 18 47
0 18 48
0 18 50
0 18 52
0 18 53
0 18 55
0 18 56
0 18 57
0 18 58
0 18 59
0 19 20
0 19 21
0 19 22
0 19 23
0 19 24
0 19 25
0 19 26
0 19 27
0 19 29
0 19 32
0 19 33
0 19 34
0 19 35
0 19 36
0 19 38
0 19 39
0 19 41
0 19 42
0 19 43
0 19 46
0 19 47
0 19 48
0 19 50
0 19 52
0 19 53
0 19 55
0 19 56
0 19 57
0 19 58
0 19 59
0 20 21
0 20 23
0 20 24
0 20 25
0 20 26
0 20 27
0 20 29
0 20 33
0 20 34
0 20 35
0 20 36
0 20 39
0 20 41
0 20 42
0 20 43
0 20 48
0 20 50
0 20 52
0 20 53
0 20 55
0 20 56
0 20 57
0 20 58
0 20 59
0 21 23
0 21 24
0 21 25
0 21 29
0 21 33
0 21 36
0 21 37
0 21 38
0 21 41
0 21 42
0 21 45
0 21 49
0 21 55
0 21 56
0 21 58
0 22 23
0 22 26
0 22 33
0 22 35
0 22 36
0 22 39
0 22 45
0 22 47
0 22 48
0 22 49
0 22 50
0 22 53
0 22 55
0 22 56
0 22 57
0 22 58
0 22 59
0 23 24
0 23 25
0 23 26
0 23 29
0 23 32
0 23 33
0 23 34
0 23 35
0 23 36
0 23 39
0 23 41
0 23 43
0 23 44
0 23 47
0 23 48
0 23 50
0 23 52
0 23 53
0 23 55
0 23 56
0 23 57
0 23 58
0 23 59
0 24 25
0 24 27
0 24 29
0 24 33
0 24 34
0 24 36
0 24 38
0 24 41
0 24 43
0 24 49
0 24 50
0 24 54
0 24 55
0 24 56
0 24 57
0 24 59
0 25 26
0 25 29
0 25 32
0 25 33
0 25 34
0 25 35
0 25 36
0 25 37
0 25 39
0 25 41
0 25 43
0 25 44
0 25 47
0 25 48
0 25 49
0 25 50
0 25 52
0 25 53
0 25 55
0 25 56
0 25 57
0 25 58
0 25 59
0 26 33
0 26 35
0 26 36
0 26 39
0 26 44
0 26 47
0 26 48
0 26 52
0 26 53
0 26 55
0 26 56
0 26 57
0 26 58
0 26 59
0 27 33
0 27 34
0 27 36
0 27 38
0 27 39
0 27 41
0 27 43
0 27 47
0 27 49
0 27 52
0 27 53
0 27 55
0 27 56
0 27 57
0 27 58
0 27 59
0 28 30
0 28 31
0 28 37
0 28 40
0 28 42
0 28 46
0 28 49
0 28 51
0 28 54
0 29 33
0 29 34
0 29 35
0 29 39
0 29 41
0 29 43
0 29 44
0 29 45
0 29 46
0 29 47
0 29 48
0 29 50
0 29 52
0 29 53
0 29 55
0 29 56
0 29 57
0 29 59
0 30 31
0 30 37
0 30 40
0 30 42
0 30 46
0 30 49
0 30 51
0 30 54
0 30 58
0 30 59
0 31 37
0 31 40
0 31 42
0 31 46
0 31 49
0 31 51
0 31 54
0 31 58
0 32 33
0 32 35
0 32 36
0 32 39
0 32 41
0 32 43
0 32 44
0 32 50
0 32 55
0 32 56
0 32 57
0 32 58
0 32 59
0 33 35
0 33 36
0 33 37
0 33 38
0 33 39
0 33 41
0 33 44
0 33 46
0 33 47
0 33 48
0 33 50
0 33 51
0 33 52
0 33 53
0 33 55
0 33 56
0 33 57
0 33 58
0 33 59
0 34 35
0 34 38
0 34 39
0 34 41
0 34 42
0 34 50
0 34 52
0 34 55
0 34 56
0 34 57
0 34 58
0 34 59
0 35 36
0 35 38
0 35 39
0 35 40
0 35 41
0 35 44
0 35 48
0 35 50
0 35 51
0 35 52
0 35 53
0 35 55
0 35 56
0 35 57
0 35 58
0 35 59
0 36 39
0 36 41
0 36 42
0 36 43
0 36 44
0 36 47
0 36 48
0 36 50
0 36 52
0 36 53
0 36 55
0 36 56
0 36 57
0 36 58
0 36 59
0 37 38
0 37 40
0 37 42
0 37 46
0 37 49
0 37 51
0 37 54
0 37 56
0 37 58
0 38 39
0 38 41
0 38 50
0 38 55
0 38 56
0 39 41
0 39 47
0 39 50
0 39 51
0 39 52
0 39 55
0 39 57
0 39 59
0 40 42
0 40 46
0 40 49
0 40 51
0 40 53
0 40 54
0 41 43
0 41 44
0 41 47
0 41 50
0 41 55
0 41 56
0 41 57
0 41 58
0 41 59
0 42 46
0 42 48
0 42 49
0 42 51
0 42 53
0 42 54
0 42 55
0 42 58
0 43 50
0 43 57
0 43 59
0 44 47
0 44 52
0 44 53
0 44 55
0 44 56
0 44 57
0 44 59
0 45 59
0 45 52
0 46 49
0 46 51
0 46 54
0 46 59
0 47 50
0 47 52
0 47 53
0 47 55
0 47 56
0 47 58
0 48 49
0 48 52
0 48 53
0 48 55
0 48 56
0 48 57
0 48 58
0 48 59
0 49 51
0 49 53
0 49 54
0 49 57
0 49 58
0 49 59
0 50 52
0 50 55
0 50 56
0 50 57
0 50 58
0 50 59
0 51 54
0 52 53
0 52 54
0 52 56
0 52 57
0 52 58
0 52 59
0 53 55
0 53 56
0 53 58
0 53 59
0 54 58
0 55 56
0 55 57
0 55 58
0 55 59
0 56 57
0 56 58
0 56 59
0 57 58
0 57 59
0 58 59
1 0 1
1 0 2
1 0 3
1 0 4
1 0 5
1 0 6
1 0 7
1 0 8
1 0 9
1 0 10
1 0 11
1 0 12
1 0 13
1 0 14
1 0 15
1 0 16
1 0 17
1 0 18
1 0 19
1 0 20
1 0 21
1 0 22
1 0 23
1 0 24
1 0 25
1 0 26
1 0 27
1 0 28
1 0 32
1 0 34
1 0 36
1 0 38
1 0 44
1 0 47
1 0 55
1 0 57
1 0 58
1 0 59
1 1 2
1 1 3
1 1 4
1 1 5
1 1 6
1 1 7
1 1 8
1 1 9
1 1 10
1 1 11
1 1 12
1 1 13
1 1 14
1 1 15
1 1 16
1 1 17
1 1 18
1 1 19
1 1 20
1 1 21
1 1 22
1 1 23
1 1 24
1 1 25
1 1 26
1 1 27
1 1 28
1 1 29
1 1 31
1 1 32
1 1 33
1 1 34
1 1 36
1 1 37
1 1 38
1 1 41
1 1 43
1 1 44
1 1 47
1 1 48
1 1 51
1 1 52
1 1 53
1 1 54
1 1 55
1 1 57
1 1 58
1 1 59
1 2 3
1 2 4
1 2 5
1 2 6
1 2 7
1 2 8
1 2 9
1 2 10
1 2 11
1 2 12
1 2 13
1 2 14
1 2 15
1 2 16
1 2 17
1 2 18
1 2 19
1 2 20
1 2 21
1 2 22
1 2 23
1 2 24
1 2 25
1 2 26
1 2 27
1 2 32
1 2 36
1 2 38
1 2 41
1 2 43
1 2 44
1 2 55
1 2 57
1 2 58
1 2 59
1 3 4
1 3 5
1 3 6
1 3 7
1 3 8
1 3 9
1 3 10
1 3 11
1 3 12
1 3 13
1 3 14
1 3 15
1 3 16
1 3 17
1 3 18
1 3 19
1 3 20
1 3 21
1 3 22
1 3 23
1 3 24
1 3 25
1 3 26
1 3 27
1 3 28
1 3 29
1 3 32
1 3 34
1 3 35
1 3 36
1 3 38
1 3 41
1 3 43
1 3 44
1 3 47
1 3 48
1 3 55
1 3 57
1 3 58
1 3 59
1 4 5
1 4 6
1 4 7
1 4 8
1 4 9
1 4 10
1 4 11
1 4 12
1 4 13
1 4 14
1 4 15
1 4 17
1 4 18
1 4 19
1 4 20
1 4 21
1 4 22
1 4 23
1 4 24
1 4 28
1 4 29
1 4 30
1 4 32
1 4 33
1 4 36
1 4 38
1 4 41
1 4 43
1 4 44
1 4 47
1 4 48
1 4 55
1 4 57
1 4 58
1 4 59
1 5 6
1 5 7
1 5 8
1 5 9
1 5 11
1 5 12
1 5 13
1 5 14
1 5 15
1 5 16
1 5 17
1 5 18
1 5 19
1 5 20
1 5 21
1 5 22
1 5 23
1 5 25
1 5 26
1 5 27
1 5 28
1 5 29
1 5 30
1 5 32
1 5 33
1 5 34
1 5 35
1 5 36
1 5 37
1 5 38
1 5 39
1 5 40
1 5 41
1 5 43
1 5 44
1 5 45
1 5 46
1 5 47
1 5 48
1 5 49
1 5 50
1 5 52
1 5 54
1 5 55
1 5 57
1 5 58
1 5 59
1 6 7
1 6 8
1 6 9
1 6 10
1 6 11
1 6 12
1 6 13
1 6 14
1 6 15
1 6 16
1 6 17
1 6 18
1 6 19
1 6 20
1 6 21
1 6 22
1 6 23
1 6 24
1 6 25
1 6 26
1 6 27
1 6 28
1 6 30
1 6 32
1 6 33
1 6 35
1 6 36
1 6 38
1 6 39
1 6 40
1 6 41
1 6 42
1 6 43
1 6 44
1 6 45
1 6 47
1 6 48
1 6 49
1 6 50
1 6 52
1 6 53
1 6 54
1 6 55
1 6 56
1 6 57
1 6 58
1 6 59
1 7 8
1 7 9
1 7 10
1 7 11
1 7 13
1 7 14
1 7 15
1 7 16
1 7 17
1 7 18
1 7 19
1 7 20
1 7 21
1 7 22
1 7 23
1 7 24
1 7 25
1 7 27
1 7 33
1 7 38
1 7 41
1 7 44
1 7 57
1 7 58
1 8 9
1 8 10
1 8 11
1 8 12
1 8 13
1 8 14
1 8 15
1 8 16
1 8 17
1 8 18
1 8 19
1 8 20
1 8 21
1 8 22
1 8 23
1 8 24
1 8 25
1 8 26
1 8 27
1 8 28
1 8 29
1 8 30
1 8 31
1 8 32
1 8 33
1 8 35
1 8 36
1 8 38
1 8 39
1 8 40
1 8 41
1 8 43
1 8 44
1 8 45
1 8 46
1 8 47
1 8 48
1 8 50
1 8 51
1 8 52
1 8 53
1 8 55
1 8 56
1 8 57
1 8 58
1 8 59
1 9 10
1 9 11
1 9 12
1 9 13
1 9 14
1 9 15
1 9 16
1 9 17
1 9 18
1 9 19
1 9 20
1 9 21
1 9 22
1 9 23
1 9 24
1 9 25
1 9 26
1 9 27
1 9 29
1 9 32
1 9 33
1 9 34
1 9 35
1 9 36
1 9 38
1 9 41
1 9 44
1 9 53
1 9 55
1 9 57
1 9 58
1 9 59
1 10 11
1 10 12
1 10 13
1 10 14
1 10 15
1 10 16
1 10 17
1 10 18
1 10 19
1 10 20
1 10 21
1 10 22
1 10 23
1 10 24
1 10 25
1 10 27
1 10 29
1 10 32
1 10 34
1 10 35
1 10 36
1 10 38
1 10 41
1 10 43
1 10 44
1 10 53
1 10 57
1 10 58
1 10 59
1 11 13
1 11 14
1 11 15
1 11 16
1 11 17
1 11 18
1 11 19
1 11 20
1 11 22
1 11 25
1 11 26
1 11 27
1 11 35
1 11 36
1 11 37
1 11 38
1 11 40
1 11 41
1 11 43
1 11 44
1 11 45
1 11 46
1 11 47
1 11 48
1 11 55
1 11 56
1 11 57
1 11 58
1 11 59
1 12 13
1 12 14
1 12 15
1 12 18
1 12 19
1 12 20
1 12 21
1 12 22
1 12 23
1 12 24
1 12 25
1 12 26
1 12 32
1 12 33
1 12 36
1 12 38
1 12 41
1 12 43
1 12 47
1 12 48
1 12 51
1 12 55
1 12 57
1 12 58
1 12 59
1 13 14
1 13 15
1 13 16
1 13 17
1 13 18
1 13 19
1 13 20
1 13 22
1 13 23
1 13 24
1 13 25
1 13 26
1 13 27
1 13 28
1 13 33
1 13 36
1 13 38
1 13 41
1 13 44
1 13 48
1 13 53
1 13 57
1 13 58
1 13 59
1 14 15
1 14 16
1 14 17
1 14 18
1 14 19
1 14 20
1 14 21
1 14 22
1 14 23
1 14 24
1 14 25
1 14 26
1 14 27
1 14 29
1 14 34
1 14 35
1 14 36
1 14 38
1 14 41
1 14 47
1 14 55
1 14 57
1 14 58
1 14 59
1 15 16
1 15 17
1 15 18
1 15 19
1 15 20
1 15 21
1 15 23
1 15 24
1 15 25
1 15 26
1 15 27
1 15 28
1 15 29
1 15 32
1 15 35
1 15 36
1 15 38
1 15 41
1 15 43
1 15 44
1 15 47
1 15 53
1 15 54
1 15 55
1 15 57
1 15 58
1 15 59
1 16 17
1 16 18
1 16 19
1 16 20
1 16 21
1 16 22
1 16 23
1 16 24
1 16 25
1 16 34
1 16 35
1 16 36
1 16 37
1 16 38
1 16 41
1 16 42
1 16 53
1 16 57
1 16 58
1 16 59
1 17 18
1 17 19
1 17 20
1 17 21
1 17 22
1 17 23
1 17 24
1 17 25
1 17 26
1 17 27
1 17 28
1 17 29
1 17 30
1 17 31
1 17 32
1 17 33
1 17 34
1 17 35
1 17 36
1 17 37
1 17 38
1 17 39
1 17 40
1 17 41
1 17 42
1 17 43
1 17 44
1 17 45
1 17 46
1 17 47
1 17 48
1 17 49
1 17 50
1 17 51
1 17 52
1 17 54
1 17 55
1 17 56
1 17 57
1 17 58
1 17 59
1 18 19
1 18 20
1 18 21
1 18 22
1 18 23
1 18 24
1 18 25
1 18 26
1 18 27
1 18 28
1 18 29
1 18 30
1 18 31
1 18 32
1 18 33
1 18 34
1 18 35
1 18 36
1 18 38
1 18 39
1 18 41
1 18 43
1 18 44
1 18 45
1 18 46
1 18 47
1 18 48
1 18 49
1 18 50
1 18 51
1 18 52
1 18 53
1 18 54
1 18 55
1 18 56
1 18 57
1 18 58
1 18 59
1 19 20
1 19 21
1 19 22
1 19 23
1 19 24
1 19 25
1 19 26
1 19 27
1 19 28
1 19 32
1 19 35
1 19 36
1 19 38
1 19 41
1 19 43
1 19 47
1 19 53
1 19 55
1 19 57
1 19 58
1 19 59
1 20 21
1 20 22
1 20 23
1 20 24
1 20 25
1 20 26
1 20 33
1 20 34
1 20 36
1 20 37
1 20 38
1 20 41
1 20 44
1 20 47
1 20 53
1 20 57
1 20 58
1 20 59
1 21 22
1 21 23
1 21 24
1 21 25
1 21 28
1 21 32
1 21 36
1 21 38
1 21 57
1 21 58
1 22 23
1 22 25
1 22 26
1 22 27
1 22 32
1 22 34
1 22 36
1 22 43
1 22 44
1 22 47
1 22 48
1 22 51
1 22 52
1 22 55
1 22 57
1 22 58
1 22 59
1 23 24
1 23 25
1 23 26
1 23 29
1 23 32
1 23 34
1 23 35
1 23 36
1 23 38
1 23 41
1 23 42
1 23 43
1 23 44
1 23 48
1 23 53
1 23 55
1 23 57
1 23 58
1 23 59
1 24 25
1 24 27
1 24 28
1 24 32
1 24 35
1 24 36
1 24 38
1 24 41
1 24 44
1 24 48
1 24 57
1 24 58
1 24 59
1 25 26
1 25 27
1 25 29
1 25 32
1 25 33
1 25 34
1 25 35
1 25 36
1 25 38
1 25 41
1 25 43
1 25 44
1 25 47
1 25 48
1 25 55
1 25 57
1 25 58
1 25 59
1 26 27
1 26 28
1 26 30
1 26 32
1 26 35
1 26 36
1 26 38
1 26 39
1 26 40
1 26 41
1 26 43
1 26 44
1 26 45
1 26 46
1 26 48
1 26 49
1 26 50
1 26 52
1 26 57
1 26 58
1 26 59
1 27 28
1 27 30
1 27 34
1 27 35
1 27 36
1 27 38
1 27 39
1 27 41
1 27 42
1 27 43
1 27 44
1 27 45
1 27 46
1 27 49
1 27 50
1 27 52
1 27 53
1 27 55
1 27 56
1 27 57
1 27 58
1 27 59
1 28 30
1 28 31
1 28 32
1 28 33
1 28 37
1 28 38
1 28 39
1 28 40
1 28 41
1 28 42
1 28 43
1 28 44
1 28 45
1 28 46
1 28 47
1 28 48
1 28 49
1 28 50
1 28 51
1 28 53
1 28 54
1 28 57
1 28 59
1 29 34
1 29 35
1 29 38
1 29 41
1 29 43
1 29 44
1 29 48
1 29 57
1 30 31
1 30 37
1 30 38
1 30 39
1 30 40
1 30 41
1 30 42
1 30 43
1 30 44
1 30 45
1 30 46
1 30 49
1 30 50
1 30 52
1 30 54
1 30 57
1 30 59
1 31 33
1 31 37
1 31 42
1 31 45
1 31 54
1 31 57
1 32 33
1 32 36
1 32 38
1 32 41
1 32 43
1 32 47
1 32 48
1 32 54
1 32 55
1 32 57
1 32 58
1 32 59
1 33 57
1 33 58
1 33 59
1 34 38
1 34 44
1 34 55
1 34 57
1 35 36
1 35 38
1 35 41
1 35 43
1 35 44
1 35 46
1 35 48
1 35 52
1 35 55
1 35 57
1 35 58
1 35 59
1 36 37
1 36 38
1 36 41
1 36 44
1 36 47
1 36 52
1 36 57
1 36 58
1 36 59
1 37 42
1 37 45
1 37 54
1 37 55
1 37 57
1 38 39
1 38 40
1 38 41
1 38 42
1 38 43
1 38 44
1 38 46
1 38 49
1 38 50
1 38 51
1 38 53
1 38 57
1 38 58
1 39 40
1 39 41
1 39 42
1 39 43
1 39 44
1 39 46
1 39 49
1 39 50
1 39 52
1 39 53
1 39 56
1 39 57
1 40 43
1 40 46
1 40 49
1 40 50
1 40 56
1 40 57
1 41 43
1 41 44
1 41 45
1 41 46
1 41 47
1 41 50
1 41 55
1 41 57
1 41 58
1 41 59
1 42 45
1 42 46
1 42 50
1 42 53
1 42 54
1 42 56
1 42 57
1 43 44
1 43 45
1 43 46
1 43 47
1 43 49
1 43 50
1 43 55
1 43 57
1 43 58
1 43 59
1 44 45
1 44 46
1 44 48
1 44 49
1 44 50
1 44 52
1 44 55
1 44 56
1 44 57
1 44 58
1 44 59
1 45 46
1 45 49
1 45 50
1 45 52
1 45 54
1 45 57
1 46 49
1 46 50
1 46 52
1 46 56
1 46 57
1 47 55
1 47 57
1 47 58
1 48 51
1 48 57
1 48 58
1 48 59
1 49 50
1 49 52
1 49 56
1 49 57
1 50 56
1 50 57
1 51 57
1 51 58
1 52 55
1 52 56
1 52 57
1 54 57
1 55 57
1 55 58
1 55 59
1 56 57
1 57 58
1 57 59
1 58 59
2 1 2
2 1 3
2 1 4
2 1 5
2 1 6
2 1 7
2 1 8
2 1 9
2 1 10
2 1 11
2 1 12
2 1 14
2 1 15
2 1 16
2 1 17
2 1 18
2 1 19
2 1 20
2 1 21
2 1 23
2 1 24
2 1 25
2 1 26
2 1 27
2 1 28
2 1 29
2 1 30
2 1 31
2 1 32
2 1 36
2 1 38
2 1 39
2 1 41
2 1 43
2 1 44
2 1 45
2 1 46
2 1 48
2 1 49
2 1 50
2 1 51
2 1 52
2 1 54
2 1 55
2 1 56
2 1 58
2 1 59
2 2 3
2 2 4
2 2 5
2 2 6
2 2 7
2 2 8
2 2 9
2 2 10
2 2 11
2 2 12
2 2 13
2 2 14
2 2 15
2 2 16
2 2 17
2 2 18
2 2 19
2 2 20
2 2 21
2 2 22
2 2 23
2 2 24
2 2 25
2 2 26
2 2 27
2 2 28
2 2 29
2 2 32
2 2 34
2 2 35
2 2 36
2 2 38
2 2 39
2 2 41
2 2 44
2 2 45
2 2 47
2 2 48
2 2 49
2 2 50
2 2 51
2 2 52
2 2 54
2 2 55
2 2 56
2 2 57
2 2 58
2 2 59
2 3 4
2 3 5
2 3 6
2 3 7
2 3 8
2 3 9
2 3 10
2 3 11
2 3 12
2 3 13
2 3 14
2 3 15
2 3 16
2 3 17
2 3 18
2 3 19
2 3 20
2 3 21
2 3 22
2 3 23
2 3 24
2 3 25
2 3 26
2 3 27
2 3 28
2 3 29
2 3 32
2 3 34
2 3 35
2 3 36
2 3 38
2 3 39
2 3 41
2 3 42
2 3 43
2 3 44
2 3 45
2 3 47
2 3 50
2 3 51
2 3 55
2 3 56
2 3 57
2 3 58
2 3 59
2 4 5
2 4 6
2 4 8
2 4 9
2 4 10
2 4 11
2 4 12
2 4 13
2 4 14
2 4 15
2 4 16
2 4 17
2 4 18
2 4 20
2 4 21
2 4 22
2 4 23
2 4 25
2 4 26
2 4 27
2 4 28
2 4 29
2 4 30
2 4 31
2 4 32
2 4 35
2 4 36
2 4 37
2 4 38
2 4 39
2 4 40
2 4 41
2 4 44
2 4 45
2 4 46
2 4 47
2 4 49
2 4 50
2 4 51
2 4 52
2 4 55
2 4 56
2 4 57
2 4 58
2 4 59
2 5 6
2 5 8
2 5 9
2 5 11
2 5 12
2 5 13
2 5 14
2 5 15
2 5 16
2 5 17
2 5 18
2 5 19
2 5 20
2 5 22
2 5 23
2 5 24
2 5 25
2 5 26
2 5 27
2 5 28
2 5 29
2 5 30
2 5 31
2 5 32
2 5 34
2 5 35
2 5 36
2 5 37
2 5 38
2 5 39
2 5 41
2 5 43
2 5 44
2 5 46
2 5 47
2 5 48
2 5 49
2 5 50
2 5 51
2 5 52
2 5 54
2 5 55
2 5 56
2 5 57
2 5 58
2 5 59
2 6 7
2 6 8
2 6 9
2 6 10
2 6 11
2 6 12
2 6 13
2 6 14
2 6 15
2 6 16
2 6 17
2 6 18
2 6 19
2 6 20
2 6 21
2 6 22
2 6 23
2 6 24
2 6 25
2 6 26
2 6 27
2 6 28
2 6 29
2 6 32
2 6 35
2 6 36
2 6 38
2 6 39
2 6 43
2 6 44
2 6 45
2 6 47
2 6 48
2 6 49
2 6 50
2 6 52
2 6 55
2 6 56
2 6 57
2 6 58
2 6 59
2 7 9
2 7 10
2 7 14
2 7 15
2 7 16
2 7 18
2 7 19
2 7 20
2 7 21
2 7 23
2 7 24
2 7 25
2 7 26
2 7 29
2 7 32
2 7 34
2 7 35
2 7 36
2 7 38
2 7 39
2 7 41
2 7 42
2 7 45
2 7 47
2 7 50
2 7 55
2 7 56
2 7 57
2 7 58
2 7 59
2 8 9
2 8 10
2 8 11
2 8 12
2 8 13
2 8 14
2 8 15
2 8 16
2 8 17
2 8 18
2 8 19
2 8 20
2 8 21
2 8 22
2 8 23
2 8 24
2 8 25
2 8 26
2 8 27
2 8 28
2 8 29
2 8 32
2 8 35
2 8 36
2 8 37
2 8 38
2 8 39
2 8 41
2 8 42
2 8 43
2 8 45
2 8 47
2 8 48
2 8 49
2 8 50
2 8 51
2 8 52
2 8 54
2 8 55
2 8 56
2 8 57
2 8 58
2 8 59
2 9 10
2 9 11
2 9 13
2 9 14
2 9 15
2 9 17
2 9 18
2 9 19
2 9 20
2 9 23
2 9 24
2 9 25
2 9 26
2 9 29
2 9 31
2 9 32
2 9 35
2 9 36
2 9 41
2 9 43
2 9 44
2 9 50
2 9 55
2 9 57
2 9 59
2 10 11
2 10 12
2 10 13
2 10 14
2 10 15
2 10 16
2 10 17
2 10 18
2 10 19
2 10 20
2 10 21
2 10 22
2 10 23
2 10 24
2 10 25
2 10 28
2 10 29
2 10 34
2 10 35
2 10 36
2 10 37
2 10 39
2 10 41
2 10 43
2 10 44
2 10 45
2 10 46
2 10 47
2 10 48
2 10 50
2 10 51
2 10 52
2 10 55
2 10 56
2 10 57
2 10 58
2 10 59
2 11 12
2 11 13
2 11 14
2 11 15
2 11 16
2 11 17
2 11 18
2 11 19
2 11 20
2 11 21
2 11 22
2 11 23
2 11 24
2 11 25
2 11 26
2 11 28
2 11 29
2 11 30
2 11 34
2 11 35
2 11 36
2 11 37
2 11 41
2 11 42
2 11 45
2 11 48
2 11 49
2 11 51
2 11 54
2 11 55
2 11 56
2 11 57
2 11 58
2 11 59
2 12 13
2 12 14
2 12 15
2 12 16
2 12 17
2 12 18
2 12 19
2 12 20
2 12 22
2 12 24
2 12 25
2 12 26
2 12 27
2 12 29
2 12 31
2 12 32
2 12 34
2 12 36
2 12 38
2 12 39
2 12 40
2 12 41
2 12 44
2 12 45
2 12 47
2 12 48
2 12 50
2 12 55
2 12 56
2 12 57
2 12 58
2 12 59
2 13 14
2 13 15
2 13 17
2 13 18
2 13 19
2 13 20
2 13 23
2 13 25
2 13 26
2 13 27
2 13 28
2 13 29
2 13 30
2 13 32
2 13 36
2 13 37
2 13 38
2 13 39
2 13 41
2 13 43
2 13 44
2 13 45
2 13 48
2 13 49
2 13 50
2 13 51
2 13 52
2 13 54
2 13 55
2 13 56
2 13 58
2 13 59
2 14 15
2 14 16
2 14 17
2 14 18
2 14 19
2 14 20
2 14 21
2 14 22
2 14 23
2 14 24
2 14 25
2 14 26
2 14 27
2 14 28
2 14 29
2 14 30
2 14 32
2 14 34
2 14 35
2 14 36
2 14 38
2 14 39
2 14 41
2 14 43
2 14 44
2 14 47
2 14 49
2 14 50
2 14 52
2 14 54
2 14 55
2 14 56
2 14 57
2 14 58
2 14 59
2 15 16
2 15 17
2 15 18
2 15 19
2 15 20
2 15 21
2 15 22
2 15 23
2 15 24
2 15 25
2 15 26
2 15 28
2 15 29
2 15 32
2 15 34
2 15 35
2 15 36
2 15 38
2 15 39
2 15 40
2 15 41
2 15 43
2 15 44
2 15 45
2 15 47
2 15 48
2 15 49
2 15 50
2 15 51
2 15 52
2 15 55
2 15 56
2 15 57
2 15 58
2 15 59
2 16 17
2 16 18
2 16 19
2 16 20
2 16 21
2 16 22
2 16 23
2 16 24
2 16 25
2 16 26
2 16 28
2 16 29
2 16 30
2 16 32
2 16 34
2 16 35
2 16 36
2 16 38
2 16 39
2 16 41
2 16 43
2 16 44
2 16 45
2 16 47
2 16 50
2 16 52
2 16 54
2 16 55
2 16 56
2 16 57
2 16 58
2 16 59
2 17 18
2 17 19
2 17 20
2 17 21
2 17 22
2 17 23
2 17 25
2 17 26
2 17 27
2 17 28
2 17 29
2 17 30
2 17 31
2 17 32
2 17 34
2 17 35
2 17 36
2 17 37
2 17 38
2 17 39
2 17 41
2 17 43
2 17 44
2 17 46
2 17 47
2 17 48
2 17 49
2 17 50
2 17 51
2 17 52
2 17 54
2 17 55
2 17 56
2 17 57
2 17 58
2 17 59
2 18 19
2 18 20
2 18 21
2 18 22
2 18 23
2 18 24
2 18 25
2 18 26
2 18 27
2 18 28
2 18 29
2 18 30
2 18 32
2 18 34
2 18 35
2 18 36
2 18 38
2 18 39
2 18 41
2 18 43
2 18 44
2 18 46
2 18 47
2 18 48
2 18 49
2 18 50
2 18 51
2 18 52
2 18 54
2 18 55
2 18 56
2 18 57
2 18 58
2 18 59
2 19 20
2 19 22
2 19 23
2 19 24
2 19 25
2 19 26
2 19 27
2 19 28
2 19 30
2 19 32
2 19 34
2 19 35
2 19 36
2 19 38
2 19 39
2 19 41
2 19 42
2 19 43
2 19 46
2 19 47
2 19 48
2 19 49
2 19 50
2 19 54
2 19 55
2 19 56
2 19 57
2 19 58
2 19 59
2 20 21
2 20 22
2 20 23
2 20 24
2 20 25
2 20 26
2 20 28
2 20 29
2 20 32
2 20 34
2 20 35
2 20 36
2 20 38
2 20 39
2 20 41
2 20 42
2 20 43
2 20 44
2 20 48
2 20 49
2 20 50
2 20 52
2 20 55
2 20 56
2 20 57
2 20 58
2 20 59
2 21 23
2 21 24
2 21 25
2 21 27
2 21 29
2 21 32
2 21 34
2 21 36
2 21 37
2 21 41
2 21 45
2 21 46
2 21 47
2 21 50
2 21 52
2 21 56
2 21 57
2 21 58
2 22 23
2 22 24
2 22 25
2 22 26
2 22 28
2 22 29
2 22 36
2 22 38
2 22 39
2 22 42
2 22 43
2 22 48
2 22 49
2 22 50
2 22 52
2 22 54
2 22 55
2 22 58
2 22 59
2 23 24
2 23 25
2 23 26
2 23 27
2 23 29
2 23 31
2 23 32
2 23 35
2 23 36
2 23 38
2 23 39
2 23 42
2 23 43
2 23 44
2 23 47
2 23 48
2 23 49
2 23 50
2 23 52
2 23 55
2 23 57
2 23 58
2 23 59
2 24 25
2 24 28
2 24 29
2 24 30
2 24 32
2 24 34
2 24 35
2 24 36
2 24 38
2 24 39
2 24 41
2 24 43
2 24 45
2 24 46
2 24 50
2 24 54
2 24 55
2 24 56
2 24 57
2 24 58
2 24 59
2 25 26
2 25 27
2 25 28
2 25 29
2 25 32
2 25 34
2 25 35
2 25 36
2 25 38
2 25 39
2 25 41
2 25 43
2 25 44
2 25 46
2 25 47
2 25 48
2 25 49
2 25 50
2 25 52
2 25 54
2 25 55
2 25 56
2 25 57
2 25 58
2 25 59
2 26 28
2 26 32
2 26 36
2 26 38
2 26 39
2 26 41
2 26 44
2 26 48
2 26 52
2 26 55
2 26 57
2 26 58
2 26 59
2 27 28
2 27 34
2 27 36
2 27 37
2 27 38
2 27 39
2 27 41
2 27 43
2 27 45
2 27 47
2 27 48
2 27 49
2 27 51
2 27 55
2 27 56
2 27 57
2 27 58
2 28 29
2 28 30
2 28 31
2 28 32
2 28 34
2 28 36
2 28 37
2 28 38
2 28 39
2 28 40
2 28 41
2 28 42
2 28 43
2 28 45
2 28 46
2 28 47
2 28 49
2 28 50
2 28 51
2 28 54
2 28 55
2 28 56
2 28 57
2 28 59
2 29 32
2 29 34
2 29 35
2 29 36
2 29 38
2 29 39
2 29 41
2 29 44
2 29 45
2 29 47
2 29 50
2 29 55
2 29 56
2 29 57
2 29 58
2 29 59
2 30 31
2 30 34
2 30 37
2 30 40
2 30 42
2 30 45
2 30 46
2 30 49
2 30 51
2 30 54
2 30 56
2 30 59
2 31 37
2 31 40
2 31 42
2 31 44
2 31 45
2 31 46
2 31 49
2 31 51
2 31 54
2 31 55
2 32 34
2 32 35
2 32 36
2 32 38
2 32 39
2 32 41
2 32 43
2 32 44
2 32 45
2 32 47
2 32 48
2 32 50
2 32 52
2 32 55
2 32 56
2 32 57
2 32 58
2 32 59
2 34 36
2 34 38
2 34 39
2 34 41
2 34 43
2 34 49
2 34 50
2 34 55
2 34 59
2 35 36
2 35 38
2 35 39
2 35 41
2 35 43
2 35 49
2 35 50
2 35 52
2 35 54
2 35 55
2 35 58
2 35 59
2 36 38
2 36 39
2 36 40
2 36 41
2 36 42
2 36 43
2 36 44
2 36 45
2 36 46
2 36 47
2 36 48
2 36 50
2 36 52
2 36 54
2 36 55
2 36 56
2 36 57
2 36 58
2 36 59
2 37 38
2 37 39
2 37 40
2 37 42
2 37 44
2 37 46
2 37 49
2 37 51
2 37 54
2 37 56
2 37 58
2 38 39
2 38 41
2 38 43
2 38 45
2 38 46
2 38 47
2 38 48
2 38 50
2 38 52
2 38 55
2 38 56
2 38 57
2 38 58
2 38 59
2 39 41
2 39 42
2 39 43
2 39 47
2 39 48
2 39 49
2 39 50
2 39 52
2 39 55
2 39 56
2 39 57
2 39 58
2 39 59
2 40 42
2 40 46
2 40 49
2 40 51
2 40 54
2 40 59
2 41 43
2 41 44
2 41 47
2 41 48
2 41 50
2 41 52
2 41 55
2 41 56
2 41 57
2 41 58
2 41 59
2 42 46
2 42 49
2 42 51
2 42 54
2 42 59
2 43 47
2 43 48
2 43 50
2 43 52
2 43 55
2 43 56
2 43 57
2 43 58
2 43 59
2 44 48
2 44 52
2 44 55
2 44 57
2 44 58
2 44 59
2 45 47
2 45 52
2 45 55
2 45 56
2 45 57
2 45 59
2 46 49
2 46 51
2 46 54
2 46 56
2 47 48
2 47 49
2 47 50
2 47 52
2 47 55
2 47 58
2 47 59
2 48 49
2 48 52
2 48 55
2 48 57
2 48 58
2 48 59
2 49 50
2 49 51
2 49 52
2 49 54
2 49 55
2 49 56
2 49 57
2 49 58
2 49 59
2 50 51
2 50 52
2 50 55
2 50 56
2 50 57
2 50 58
2 50 59
2 51 54
2 51 58
2 52 55
2 52 56
2 52 57
2 52 58
2 52 59
2 54 56
2 54 58
2 54 59
2 55 56
2 55 57
2 55 58
2 55 59
2 56 58
2 56 59
2 57 58
2 57 59
2 58 59
3 0 1
3 0 2
3 0 3
3 0 4
3 0 5
3 0 6
3 0 8
3 0 10
3 0 11
3 0 12
3 0 13
3 0 14
3 0 15
3 0 17
3 0 18
3 0 19
3 0 20
3 0 22
3 0 23
3 0 24
3 0 25
3 0 26
3 0 27
3 0 28
3 0 32
3 0 33
3 0 34
3 0 35
3 0 36
3 0 37
3 0 39
3 0 41
3 0 43
3 0 44
3 0 45
3 0 46
3 0 47
3 0 48
3 0 49
3 0 50
3 0 52
3 0 53
3 0 55
3 0 56
3 0 57
3 0 58
3 0 59
3 1 2
3 1 3
3 1 4
3 1 5
3 1 6
3 1 7
3 1 8
3 1 9
3 1 10
3 1 11
3 1 12
3 1 13
3 1 14
3 1 15
3 1 16
3 1 17
3 1 18
3 1 19
3 1 20
3 1 21
3 1 22
3 1 23
3 1 24
3 1 25
3 1 26
3 1 27
3 1 28
3 1 30
3 1 32
3 1 33
3 1 34
3 1 35
3 1 36
3 1 37
3 1 38
3 1 39
3 1 40
3 1 41
3 1 42
3 1 43
3 1 44
3 1 45
3 1 46
3 1 47
3 1 48
3 1 49
3 1 50
3 1 51
3 1 52
3 1 53
3 1 54
3 1 55
3 1 56
3 1 57
3 1 58
3 1 59
3 2 3
3 2 4
3 2 5
3 2 6
3 2 7
3 2 8
3 2 10
3 2 11
3 2 12
3 2 13
3 2 14
3 2 15
3 2 16
3 2 17
3 2 18
3 2 19
3 2 20
3 2 21
3 2 22
3 2 23
3 2 24
3 2 25
3 2 26
3 2 27
3 2 29
3 2 30
3 2 32
3 2 33
3 2 34
3 2 35
3 2 36
3 2 38
3 2 40
3 2 41
3 2 43
3 2 44
3 2 45
3 2 47
3 2 48
3 2 49
3 2 51
3 2 52
3 2 53
3 2 54
3 2 55
3 2 56
3 2 57
3 2 58
3 2 59
3 3 4
3 3 5
3 3 6
3 3 7
3 3 8
3 3 9
3 3 10
3 3 11
3 3 12
3 3 13
3 3 14
3 3 15
3 3 16
3 3 17
3 3 18
3 3 19
3 3 20
3 3 21
3 3 22
3 3 23
3 3 24
3 3 25
3 3 26
3 3 27
3 3 29
3 3 32
3 3 33
3 3 34
3 3 35
3 3 36
3 3 37
3 3 39
3 3 41
3 3 43
3 3 44
3 3 45
3 3 47
3 3 48
3 3 49
3 3 50
3 3 52
3 3 53
3 3 54
3 3 55
3 3 56
3 3 57
3 3 58
3 3 59
3 4 5
3 4 6
3 4 7
3 4 8
3 4 10
3 4 11
3 4 13
3 4 14
3 4 15
3 4 16
3 4 17
3 4 18
3 4 19
3 4 20
3 4 21
3 4 23
3 4 24
3 4 25
3 4 27
3 4 28
3 4 29
3 4 31
3 4 32
3 4 33
3 4 34
3 4 35
3 4 36
3 4 37
3 4 39
3 4 40
3 4 43
3 4 44
3 4 47
3 4 48
3 4 49
3 4 53
3 4 55
3 4 56
3 4 57
3 4 58
3 5 6
3 5 10
3 5 11
3 5 13
3 5 14
3 5 15
3 5 17
3 5 18
3 5 19
3 5 20
3 5 22
3 5 23
3 5 24
3 5 25
3 5 26
3 5 27
3 5 28
3 5 29
3 5 30
3 5 32
3 5 33
3 5 34
3 5 35
3 5 36
3 5 40
3 5 41
3 5 43
3 5 44
3 5 45
3 5 47
3 5 48
3 5 49
3 5 50
3 5 51
3 5 52
3 5 53
3 5 55
3 5 56
3 5 57
3 5 58
3 5 59
3 6 7
3 6 8
3 6 9
3 6 10
3 6 11
3 6 12
3 6 13
3 6 14
3 6 15
3 6 16
3 6 17
3 6 18
3 6 19
3 6 20
3 6 22
3 6 23
3 6 24
3 6 25
3 6 26
3 6 27
3 6 28
3 6 29
3 6 30
3 6 32
3 6 33
3 6 34
3 6 35
3 6 36
3 6 38
3 6 39
3 6 40
3 6 41
3 6 43
3 6 44
3 6 45
3 6 46
3 6 47
3 6 48
3 6 49
3 6 50
3 6 51
3 6 52
3 6 53
3 6 55
3 6 56
3 6 57
3 6 58
3 6 59
3 7 8
3 7 9
3 7 10
3 7 11
3 7 13
3 7 14
3 7 15
3 7 16
3 7 17
3 7 18
3 7 19
3 7 20
3 7 21
3 7 22
3 7 23
3 7 24
3 7 25
3 7 26
3 7 27
3 7 29
3 7 35
3 7 36
3 7 39
3 7 44
3 7 45
3 7 46
3 7 47
3 7 48
3 7 49
3 7 50
3 7 52
3 7 53
3 7 54
3 7 56
3 7 57
3 8 11
3 8 12
3 8 13
3 8 14
3 8 15
3 8 17
3 8 18
3 8 19
3 8 20
3 8 22
3 8 23
3 8 24
3 8 25
3 8 26
3 8 27
3 8 28
3 8 32
3 8 33
3 8 34
3 8 35
3 8 37
3 8 40
3 8 43
3 8 44
3 8 45
3 8 47
3 8 48
3 8 49
3 8 50
3 8 52
3 8 53
3 8 55
3 8 56
3 8 57
3 8 58
3 8 59
3 9 10
3 9 13
3 9 14
3 9 16
3 9 17
3 9 18
3 9 19
3 9 20
3 9 22
3 9 23
3 9 24
3 9 25
3 9 29
3 9 33
3 9 34
3 9 35
3 9 36
3 9 50
3 9 52
3 9 56
3 9 57
3 9 59
3 10 12
3 10 13
3 10 14
3 10 15
3 10 16
3 10 17
3 10 18
3 10 19
3 10 20
3 10 21
3 10 23
3 10 24
3 10 25
3 10 29
3 10 32
3 10 33
3 10 34
3 10 35
3 10 36
3 10 39
3 10 41
3 10 43
3 10 44
3 10 46
3 10 50
3 10 52
3 10 53
3 10 55
3 10 56
3 10 57
3 10 58
3 11 13
3 11 14
3 11 15
3 11 17
3 11 18
3 11 19
3 11 20
3 11 21
3 11 22
3 11 23
3 11 25
3 11 26
3 11 27
3 11 33
3 11 34
3 11 35
3 11 36
3 11 39
3 11 41
3 11 42
3 11 44
3 11 45
3 11 46
3 11 47
3 11 48
3 11 49
3 11 50
3 11 53
3 11 55
3 11 56
3 11 57
3 11 58
3 11 59
3 12 13
3 12 14
3 12 15
3 12 16
3 12 17
3 12 18
3 12 19
3 12 20
3 12 21
3 12 23
3 12 24
3 12 25
3 12 26
3 12 27
3 12 28
3 12 29
3 12 32
3 12 33
3 12 34
3 12 35
3 12 36
3 12 38
3 12 39
3 12 41
3 12 44
3 12 47
3 12 48
3 12 50
3 12 52
3 12 55
3 12 56
3 12 57
3 12 58
3 12 59
3 13 14
3 13 15
3 13 17
3 13 18
3 13 19
3 13 20
3 13 21
3 13 22
3 13 23
3 13 24
3 13 25
3 13 26
3 13 29
3 13 30
3 13 32
3 13 33
3 13 34
3 13 35
3 13 36
3 13 38
3 13 39
3 13 41
3 13 43
3 13 44
3 13 45
3 13 46
3 13 47
3 13 48
3 13 49
3 13 50
3 13 52
3 13 53
3 13 54
3 13 55
3 13 56
3 13 57
3 13 58
3 13 59
3 14 15
3 14 17
3 14 18
3 14 19
3 14 20
3 14 21
3 14 22
3 14 23
3 14 24
3 14 25
3 14 26
3 14 27
3 14 28
3 14 30
3 14 32
3 14 33
3 14 34
3 14 35
3 14 36
3 14 39
3 14 41
3 14 44
3 14 45
3 14 46
3 14 47
3 14 48
3 14 49
3 14 50
3 14 53
3 14 54
3 14 55
3 14 56
3 14 57
3 14 59
3 15 16
3 15 17
3 15 18
3 15 19
3 15 20
3 15 21
3 15 23
3 15 24
3 15 25
3 15 26
3 15 29
3 15 32
3 15 33
3 15 34
3 15 35
3 15 36
3 15 38
3 15 39
3 15 41
3 15 42
3 15 43
3 15 44
3 15 45
3 15 46
3 15 47
3 15 48
3 15 49
3 15 50
3 15 52
3 15 53
3 15 54
3 15 55
3 15 56
3 15 57
3 15 58
3 15 59
3 16 17
3 16 19
3 16 20
3 16 21
3 16 23
3 16 24
3 16 29
3 16 32
3 16 33
3 16 34
3 16 35
3 16 36
3 16 38
3 16 41
3 16 42
3 16 44
3 16 45
3 16 50
3 16 54
3 16 56
3 16 57
3 16 59
3 17 18
3 17 19
3 17 20
3 17 21
3 17 22
3 17 23
3 17 24
3 17 25
3 17 26
3 17 27
3 17 29
3 17 30
3 17 32
3 17 33
3 17 34
3 17 35
3 17 36
3 17 38
3 17 39
3 17 40
3 17 43
3 17 44
3 17 45
3 17 47
3 17 48
3 17 49
3 17 50
3 17 51
3 17 52
3 17 53
3 17 55
3 17 56
3 17 57
3 17 58
3 17 59
3 18 19
3 18 20
3 18 21
3 18 22
3 18 23
3 18 24
3 18 25
3 18 26
3 18 27
3 18 29
3 18 30
3 18 31
3 18 32
3 18 33
3 18 34
3 18 35
3 18 36
3 18 37
3 18 39
3 18 40
3 18 41
3 18 43
3 18 44
3 18 45
3 18 46
3 18 47
3 18 48
3 18 49
3 18 50
3 18 52
3 18 53
3 18 54
3 18 55
3 18 56
3 18 57
3 18 58
3 18 59
3 19 20
3 19 21
3 19 22
3 19 23
3 19 24
3 19 25
3 19 26
3 19 27
3 19 29
3 19 32
3 19 33
3 19 34
3 19 35
3 19 36
3 19 38
3 19 39
3 19 41
3 19 43
3 19 44
3 19 45
3 19 47
3 19 48
3 19 49
3 19 50
3 19 52
3 19 53
3 19 55
3 19 56
3 19 57
3 19 58
3 19 59
3 20 21
3 20 22
3 20 23
3 20 24
3 20 25
3 20 26
3 20 27
3 20 28
3 20 29
3 20 30
3 20 32
3 20 33
3 20 34
3 20 35
3 20 36
3 20 37
3 20 39
3 20 40
3 20 41
3 20 43
3 20 44
3 20 45
3 20 46
3 20 47
3 20 48
3 20 50
3 20 51
3 20 52
3 20 53
3 20 55
3 20 56
3 20 57
3 20 58
3 20 59
3 21 23
3 21 24
3 21 27
3 21 28
3 21 29
3 21 33
3 21 34
3 21 36
3 21 40
3 21 41
3 21 42
3 21 44
3 21 45
3 21 46
3 21 48
3 21 50
3 21 51
3 21 53
3 21 54
3 21 56
3 21 57
3 21 59
3 22 25
3 22 27
3 22 33
3 22 34
3 22 35
3 22 43
3 22 48
3 22 50
3 22 52
3 22 53
3 22 56
3 22 57
3 22 58
3 23 24
3 23 25
3 23 26
3 23 27
3 23 29
3 23 32
3 23 33
3 23 34
3 23 35
3 23 36
3 23 38
3 23 39
3 23 41
3 23 43
3 23 44
3 23 45
3 23 47
3 23 48
3 23 50
3 23 52
3 23 53
3 23 55
3 23 56
3 23 57
3 23 58
3 23 59
3 24 25
3 24 27
3 24 33
3 24 36
3 24 38
3 24 41
3 24 45
3 24 46
3 24 48
3 24 49
3 24 53
3 24 54
3 24 56
3 24 57
3 24 58
3 24 59
3 25 26
3 25 27
3 25 29
3 25 32
3 25 33
3 25 34
3 25 35
3 25 36
3 25 37
3 25 38
3 25 39
3 25 40
3 25 41
3 25 43
3 25 44
3 25 47
3 25 48
3 25 49
3 25 50
3 25 52
3 25 53
3 25 55
3 25 56
3 25 57
3 25 58
3 25 59
3 26 29
3 26 32
3 26 34
3 26 35
3 26 36
3 26 37
3 26 41
3 26 44
3 26 47
3 26 48
3 26 51
3 26 52
3 26 55
3 26 56
3 26 57
3 26 58
3 26 59
3 27 31
3 27 33
3 27 34
3 27 35
3 27 36
3 27 37
3 27 40
3 27 41
3 27 43
3 27 46
3 27 47
3 27 48
3 27 49
3 27 50
3 27 53
3 27 55
3 27 56
3 27 58
3 27 59
3 28 30
3 28 31
3 28 32
3 28 37
3 28 40
3 28 42
3 28 44
3 28 46
3 28 48
3 28 49
3 28 51
3 28 53
3 28 54
3 28 56
3 28 58
3 29 30
3 29 32
3 29 33
3 29 34
3 29 35
3 29 38
3 29 41
3 29 43
3 29 44
3 29 45
3 29 46
3 29 47
3 29 48
3 29 49
3 29 50
3 29 52
3 29 53
3 29 55
3 29 56
3 29 57
3 29 58
3 29 59
3 30 31
3 30 33
3 30 37
3 30 40
3 30 42
3 30 45
3 30 46
3 30 49
3 30 51
3 30 53
3 30 54
3 30 59
3 31 33
3 31 37
3 31 40
3 31 42
3 31 46
3 31 49
3 31 51
3 31 53
3 31 54
3 31 56
3 32 33
3 32 34
3 32 35
3 32 36
3 32 39
3 32 41
3 32 43
3 32 44
3 32 45
3 32 47
3 32 48
3 32 50
3 32 51
3 32 52
3 32 55
3 32 56
3 32 57
3 32 58
3 32 59
3 33 34
3 33 35
3 33 36
3 33 37
3 33 39
3 33 40
3 33 41
3 33 43
3 33 44
3 33 45
3 33 46
3 33 47
3 33 48
3 33 49
3 33 52
3 33 53
3 33 54
3 33 55
3 33 56
3 33 57
3 33 58
3 33 59
3 34 35
3 34 36
3 34 38
3 34 44
3 34 45
3 34 46
3 34 47
3 34 48
3 34 49
3 34 50
3 34 51
3 34 52
3 34 53
3 34 55
3 34 56
3 34 59
3 35 36
3 35 37
3 35 38
3 35 39
3 35 41
3 35 44
3 35 45
3 35 48
3 35 49
3 35 50
3 35 52
3 35 55
3 35 56
3 35 57
3 35 58
3 35 59
3 36 39
3 36 40
3 36 41
3 36 42
3 36 43
3 36 44
3 36 45
3 36 47
3 36 48
3 36 49
3 36 50
3 36 52
3 36 54
3 36 55
3 36 56
3 36 57
3 36 58
3 36 59
3 37 40
3 37 42
3 37 46
3 37 47
3 37 48
3 37 49
3 37 50
3 37 51
3 37 52
3 37 54
3 37 55
3 37 56
3 37 59
3 38 44
3 38 47
3 38 48
3 38 53
3 38 55
3 38 58
3 39 41
3 39 44
3 39 47
3 39 49
3 39 50
3 39 52
3 39 55
3 39 56
3 39 57
3 39 59
3 40 42
3 40 46
3 40 48
3 40 49
3 40 51
3 40 54
3 40 56
3 41 42
3 41 44
3 41 45
3 41 47
3 41 48
3 41 50
3 41 52
3 41 55
3 41 56
3 41 57
3 41 58
3 41 59
3 42 46
3 42 49
3 42 51
3 42 53
3 42 54
3 43 44
3 43 46
3 43 47
3 43 48
3 43 53
3 43 55
3 43 56
3 43 57
3 43 58
3 43 59
3 44 45
3 44 47
3 44 48
3 44 50
3 44 52
3 44 53
3 44 55
3 44 56
3 44 57
3 44 58
3 44 59
3 45 46
3 45 47
3 45 48
3 45 51
3 45 53
3 45 54
3 45 55
3 45 56
3 45 57
3 45 58
3 45 59
3 46 47
3 46 49
3 46 51
3 46 54
3 46 59
3 47 48
3 47 50
3 47 52
3 47 55
3 47 56
3 47 57
3 47 58
3 47 59
3 48 49
3 48 50
3 48 52
3 48 53
3 48 55
3 48 56
3 48 57
3 48 58
3 48 59
3 49 50
3 49 51
3 49 53
3 49 54
3 49 55
3 49 56
3 49 57
3 49 58
3 50 52
3 50 55
3 50 56
3 50 57
3 50 59
3 51 54
3 52 53
3 52 55
3 52 56
3 52 57
3 52 58
3 52 59
3 53 55
3 53 56
3 53 57
3 53 58
3 53 59
3 54 56
3 54 58
3 55 56
3 55 57
3 55 58
3 55 59
3 56 57
3 56 58
3 56 59
3 57 58
3 57 59
3 58 59
